100
24 91
62 10
39 12
72 37
58 94
73 78
20 3
4 51
21 86
60 25
15 42
17 74
93 33
9 93
52 4
58 16
95 38
77 70
6 68
58 37
85 54
26 73
14 57
87 77
89 36
25 96
68 79
34 83
58 69
45 99
58 100
31 7
79 82
29 62
7 65
88 13
10 64
58 2
74 31
46 6
23 97
56 85
18 8
63 61
1 24
57 100
78 18
32 75
76 17
27 44
36 72
58 96
58 11
58 51
28 1
99 66
83 95
55 53
97 16
33 26
43 14
90 81
47 87
40 19
22 41
12 30
48 63
61 27
58 44
58 70
91 2
3 39
42 92
30 40
58 65
5 22
19 11
75 98
80 28
67 43
35 50
41 23
58 92
50 52
64 59
82 94
53 90
86 29
81 69
84 67
13 45
66 47
58 59
58 71
38 15
98 35
49 88
8 71
54 34
